4 0.6125738188976377 0.8005843996062992 0.6754429133858267 0.39570620078740165
0 0.8727732167260565 0.9560883900952934 0.05890862901578871 0.06219881687298958
0 0.6277725813501399 0.9234763269162798 0.04945243490239104 0.06818935155937851
0 0.49343777846278875 0.9869443104123375 0.07115070059273743 0.026111379175324956
0 0.47919372186801434 0.7083298097219749 0.0530367698801129 0.078826654951866
0 0.7612458018700234 0.9504092058360408 0.07229801214406084 0.027527798347772147
1 0.38709505562084806 0.7114340979016115 0.07532523626473413 0.058608782907754176
1 0.48231502826825806 0.891539366497798 0.06393636890025327 0.06679452869408883
1 0.47175535772218635 0.8800026444105097 0.055232244167859344 0.05836664533437332
1 0.8202980609778665 0.9927409571048218 0.06568451752220428 0.014518085790356494
1 0.5311350484961175 0.8155927446689297 0.07114218471878449 0.07526564221280188
2 0.6262784928230941 0.2765370641721373 0.03834572188882603 0.03834572188882603
2 0.6458751721403739 0.14609214963330278 0.05565490477075343 0.05565490477075343
2 0.7974369448680291 0.9759299176666826 0.09694396619415561 0.04814016466663471
