4 0.5638261748199028 0.7612143208661417 0.8692226503601944 0.4744463582677166
0 0.3046692395720838 0.71741202396473 0.06190857618657839 0.06585476940095188
0 0.541722947202013 0.8881541767022607 0.0581194680162966 0.045454484305700225
0 0.47256181133582514 0.7028489644285628 0.03972694133355068 0.06826335897740972
0 0.820760207372072 0.9099538014020476 0.0581306709558941 0.07900603153973869
1 0.6960198301624221 0.9296253457236807 0.07813939495915623 0.06046466996901252
1 0.2912620013049034 0.6324562128381623 0.08694467368899109 0.087931569893588
2 0.2559690354389689 0.45472744357151706 0.04988304943345652 0.04988304943345643
2 0.5925350622732879 0.3653953242178808 0.031419169506109235 0.031419169506109235
2 0.17957256478930306 0.14170325736347303 0.027591554096765947 0.02748993307867016
3 0.3208822829765431 0.5161767938876409 0.023995855435187164 0.03352610762150317
3 0.9129339558750861 0.29587120769721953 0.014478393296472446 0.009167078299963017
