4 0.43270177165354334 0.7624446358267717 0.8654035433070867 0.47198572834645675
0 0.31276625771567423 0.9834645130158328 0.06988050422262955 0.03307097396833427
0 0.4626745851259354 0.8795190780104483 0.07234031847779984 0.06808979378811379
0 0.23168420944020457 0.9118412562016711 0.06305413253342747 0.035989014477011236
0 0.31864199297367957 0.8682032079041951 0.06387601705162127 0.05428779661887795
0 0.31240523370394163 0.9041184818570397 0.06873057963692446 0.05319201934422857
1 0.27073950925029777 0.9737815321911878 0.06452853362074853 0.052436935617624594
1 0.45247918985137847 0.7593962172005382 0.07156206427661438 0.06018491831166486
1 0.13649420051541905 0.8726655469914381 0.07312622967522597 0.05516776322572792
1 0.08502484597099438 0.9434653338234206 0.0724241670991943 0.07331530508796558
2 0.10849592406002614 0.16598581816753546 0.03236945002214906 0.034796408989870374
3 0.20704316059055888 0.8431399024472274 0.02585198243289022 0.02384986384542458
