4 0.4001116071428571 0.7868861607142857 0.8002232142857142 0.4231026785714286
0 0.17319083414333533 0.9080505270342016 0.07097372787649059 0.05701518884045633
0 0.4932068811685058 0.9321153902461683 0.06343739184692296 0.0427887360634049
0 0.29529195527767194 0.9234900220258672 0.05070948112780673 0.0747244278897572
0 0.4948425994526028 0.7688428666486367 0.055222116068053495 0.06580059975775354
0 0.7272443043162669 0.8398248332761362 0.07488768342080068 0.05930623484886777
1 0.5114091425429667 0.7190138654808637 0.07151976848217245 0.041357189965050445
2 0.5981680115936789 0.6736803327458553 0.01788033472379418 0.018578026736473952
3 0.981891739197906 0.6926288061478103 0.01687722682596817 0.01617132696183692
3 0.5258682389793946 0.7854039826733922 0.019359797417558867 0.019631018677245926
3 0.6516172380209025 0.3709916985809879 0.03348529085336534 0.029429743806534424
