4 0.7217099471830986 0.774132627952756 0.5534551056338028 0.4486097440944882
0 0.7878831109448162 0.9003191545871934 0.0518736358992367 0.04972846827410678
0 0.7214959228616362 0.6610976488144147 0.07127876227516836 0.08206351722856517
1 0.8053980655967905 0.9687192793153887 0.07519171806746269 0.061967135542041696
1 0.6463877619122921 0.7056535859155277 0.05181527077745116 0.05212804629955183
1 0.8696004742770407 0.8557459427581765 0.05251168287934575 0.06834624180926294
1 0.6595203551273858 0.9912955485561421 0.04182307030663877 0.017408902887715884
1 0.8442186855187138 0.8940234105483155 0.06257809682661772 0.0453500869353757
2 0.7153372993557132 0.4092354932718287 0.015118821974374797 0.015124296816577764
2 0.5370306700082936 0.9781549007895857 0.07307999272693984 0.043690198420828705
3 0.23475292186583302 0.6449570739100234 0.027384499346544633 0.02736694980285499
3 0.5887135610157139 0.18537328964651162 0.033696045319910085 0.032810544341555746
3 0.6191213164372377 0.8503208331874106 0.008103124392748651 0.006052137754964981
