4 0.4293573943661972 0.6061839788732395 0.8587147887323944 0.642605633802817
0 0.32614786635556625 0.5956849849905433 0.057337174892802434 0.06722608861185524
0 0.49050090910888666 0.5015625961391839 0.06712253108740676 0.05579889889749072
1 0.7007721770585791 0.39181722921141426 0.074354298612851 0.08354922474373327
1 0.5005460884283686 0.6419030686268626 0.08803508959486646 0.06452019593229111
1 0.09580748353079187 0.681628325555737 0.06385743919001997 0.05751700236172521
2 0.3692110451995577 0.9044566647528152 0.0755607256183545 0.0755607256183545
2 0.9140634029594266 0.934435264363846 0.038349247821146196 0.038349247821146196
2 0.2705056084128225 0.6933228345467849 0.08680062714845418 0.08779526817461356
3 0.1270619953114996 0.1906991543138463 0.028117699753555624 0.03118754759072826
