4 0.4293573943661972 0.6061839788732395 0.8587147887323944 0.642605633802817
1 0.38746844659364876 0.5883083098612089 0.07594765867247677 0.04077957076455645
1 0.6487666387551283 0.4992974711719903 0.0659186063697172 0.0817688214234888
1 0.7491870863378575 0.33132380133391176 0.050920016911123155 0.07042029508689521
1 0.15018227831959302 0.6973368316704225 0.06538959105993122 0.06330620636295006
2 0.10460083329969946 0.1274517279140915 0.06991918575500096 0.06991918575500104
2 0.4327565250422323 0.9562586941173435 0.03803991946731866 0.03497491981719687
2 0.5714131179254286 0.9759864694325314 0.06193916165317095 0.048027061134937196
3 0.3528473415089312 0.4493243963236635 0.006969843278909149 0.006731630152779733
3 0.9327413431295044 0.8545163467860515 0.02756951251155826 0.026520643145775756
3 0.836895707827048 0.9150718274235704 0.03239703278136954 0.03975313802370639
