4 0.4293573943661972 0.6061839788732395 0.8587147887323944 0.642605633802817
0 0.08211534899048442 0.6577896430488707 0.06295030832300919 0.07374982078370387
0 0.23604893944003336 0.6108099168383708 0.06410086522151551 0.06511321069790803
0 0.6897960562296866 0.4405691062251602 0.05245415584314852 0.0674044596619943
1 0.6991345881953013 0.5278371923635209 0.065373067046301 0.07233284910306033
1 0.24466886300825016 0.7988382708060431 0.07582958281209642 0.07521308662332844
1 0.6525737610319334 0.49396576232453765 0.04879300225142611 0.06530687408798527
1 0.7074473800339431 0.38422327247653715 0.07217844194052994 0.06414519695933833
1 0.14934944960722615 0.7068327918904669 0.07851986072143058 0.08166827083578383
2 0.8011883676095088 0.8226827509591168 0.053926180306013996 0.0539094929080159
3 0.3225271485316935 0.6240255852647666 0.01622523087123513 0.019548584362911292
