4 0.5170313390834707 0.694777312992126 0.7771729143874139 0.607320374015748
0 0.7200846024290326 0.987947240255291 0.0441653990798704 0.02410551948941784
1 0.42074817989209434 0.7927581692507619 0.08996490304026353 0.08620852000674128
1 0.41849426327679123 0.8327939436901517 0.0728842799278385 0.05496128499119859
1 0.5508925215192748 0.5801200022684666 0.06911498276769992 0.06558976493026236
2 0.24798992193049535 0.9204418097418026 0.047246205679579226 0.046029506098274456
2 0.22539962609583047 0.39009365708650856 0.022419772219102185 0.021423053454717466
3 0.059999868019611616 0.36123612989846626 0.006264718507804435 0.014018182002033619
3 0.25369030001128806 0.4189539357192258 0.027817655118722494 0.01568347701061388
3 0.5950267577347979 0.07501126210917466 0.018051128224776926 0.021271579462041546
