4 0.43270177165354334 0.7624446358267717 0.8654035433070867 0.47198572834645675
0 0.23662846298358914 0.7555414169895788 0.0776923150141035 0.04680799012572177
0 0.4719354463147457 0.7889568534523613 0.05796158890327643 0.08126403709362337
0 0.1916945308809711 0.9231308151865351 0.05684774185069981 0.07286951597147037
1 0.11300340222173137 0.9601461103449239 0.05882234433748966 0.06972879319495764
1 0.1975482668188623 0.9747459873663988 0.07441506531133697 0.05050802526720233
1 0.3493789649742993 0.7042182809419593 0.06291517623663871 0.0600709252052269
2 0.12672403105670088 0.28817159221426725 0.014825504004014079 0.014892529302101476
3 0.35112637935368574 0.9013590337919256 0.016083436722187462 0.02816697215723849
3 0.7296216095167529 0.12788074817432754 0.011048833207609299 0.013334719040101372
3 0.9426760052427433 0.23118522813344908 0.0281828459757401 0.03476109499446354
