4 0.7217099471830986 0.774132627952756 0.5534551056338028 0.4486097440944882
0 0.6222574633412912 0.910907368005234 0.07859935769820883 0.042931196351438675
0 0.6828059634344672 0.7057151357980371 0.06802469793204242 0.061931022961139524
0 0.737371296860791 0.8531242185717153 0.07327613476567114 0.03950073500248763
0 0.6944135185320555 0.9051750238788937 0.06416782927316725 0.06486460501121769
1 0.7304574709189723 0.6763309596728279 0.04382248014061503 0.05518208665863824
1 0.5833080924614815 0.6930421453027755 0.07844022614011123 0.0807347100822426
1 0.7053517838337328 0.9984464675887026 0.032908507702063175 0.003107064822594907
1 0.712649888392976 0.9928684334767233 0.06098807698630928 0.0142631330465532
2 0.41865867357577785 0.7060212225733562 0.09586671893836325 0.09586671893836325
2 0.9492504034024163 0.3623235825050338 0.014755067320995963 0.015476135339472475
2 0.3716804394359597 0.2601309308993855 0.06928547159023042 0.07028849477985313
