4 0.7217099471830986 0.774132627952756 0.5534551056338028 0.4486097440944882
0 0.7336457275546354 0.8806287874715564 0.0680793165656743 0.057154656112373914
0 0.5509535936080393 0.7061260820187577 0.07643013490446923 0.05486543550663274
0 0.7702177847314475 0.7255192350611834 0.07080279495297921 0.02272467621214691
0 0.5136085960278562 0.7400163371993196 0.04190672127263593 0.06826417905669117
1 0.7814897608803559 0.9817512780904195 0.06971755373868209 0.03649744381916076
2 0.765303365749062 0.8528167005816547 0.023071423241421307 0.023071423241421484
2 0.9883587741848716 0.34904974791560367 0.023282451630256773 0.042566931927927154
2 0.13155318364004237 0.38164939008095217 0.06195981897064895 0.06195981897064899
3 0.7317885243857999 0.7813646601146936 0.005827777471879969 0.007796977191975962
3 0.3908124841148106 0.9040600089903877 0.008214196728774947 0.013469964210965912
