4 0.6125738188976377 0.8005843996062992 0.6754429133858267 0.39570620078740165
0 0.6885705722759801 0.8126073304498005 0.059537492542194495 0.06277966176353686
0 0.5188646167432517 0.8809092285879906 0.06730217208006853 0.06297714346108947
0 0.8708673889775571 0.9847782108655831 0.05351673676508053 0.030443578268833704
0 0.8162805634705844 0.9221341080633335 0.06271594382671744 0.04264607594373189
0 0.6301357622766165 0.9451041885326334 0.07607122152700771 0.048439542503231084
1 0.6332979144048893 0.8627984889988329 0.0513454865407688 0.06422786663099078
1 0.9156265903890846 0.9762769705869883 0.05464836164718108 0.047446058826023575
1 0.4803361740138947 0.8308992369359451 0.07849954807872397 0.0485673854881151
1 0.40384204637215504 0.8403898429620943 0.06924346324810574 0.08101222799159827
2 0.26069722770883097 0.6239251294782393 0.03324805627502041 0.0313832769917477
2 0.685732433296213 0.06507666370222029 0.021551398292347555 0.02155139829234747
3 0.6642905689340933 0.20839549988979345 0.03479019513200994 0.03648674563482679
3 0.9829079605719677 0.4823794933719645 0.015327798823270556 0.015024806875885765
3 0.2986370086574114 0.9609062005872253 0.02533987529135482 0.014706173160448265
