4 0.4001116071428571 0.7868861607142857 0.8002232142857142 0.4231026785714286
0 0.4559742735325031 0.8368188881589497 0.06922679974718174 0.06041016933196843
1 0.21006805985169405 0.8790912755208946 0.06192190031584199 0.06792682368357247
1 0.22010387828084182 0.8864500247618435 0.06804441878854994 0.06893297032818317
1 0.1953809837810641 0.9959096156272448 0.070093147003165 0.008180768745510391
1 0.5636539587895611 0.9961395963003727 0.024302743368641445 0.007720807399254603
2 0.889866799972775 0.9705951943477034 0.10077107247773487 0.05880961130459319
2 0.9553060187822892 0.6863105696522764 0.03031232432012807 0.03031232432012789
3 0.21753830420032144 0.18346300414402325 0.0104744239277486 0.01028100569814967
3 0.9852090215234401 0.2632899938931272 0.029581956953119538 0.01988794293876337
