4 0.5170313390834707 0.694777312992126 0.7771729143874139 0.607320374015748
0 0.5770092133364428 0.7967484072780884 0.058793887665627584 0.05952326963968346
0 0.7338228338874982 0.7795124611695124 0.06553993614950748 0.07798181503944619
0 0.45207007564952084 0.5062753228208545 0.07572200368791329 0.07937070665522494
0 0.4270608510882079 0.8303764246790806 0.07001752163290682 0.05149294663241495
0 0.3658086544692243 0.7658047443306363 0.0648627897719976 0.07121191641041573
1 0.7534421823620481 0.9126227500988989 0.07530311788543767 0.05890796457771632
1 0.659497051131528 0.9721656831005621 0.07351097278129934 0.05566863379887579
1 0.687941365497332 0.9484164935135965 0.08386705174873824 0.07095165262092866
2 0.6556015659723885 0.523580992368027 0.013735911673385458 0.013735911673385458
3 0.1311074986714756 0.35684538076674277 0.020748855811257006 0.02055209762952055
3 0.33666444784334815 0.3567980189186491 0.014461535578437702 0.012783641727813766
3 0.2794800624041466 0.7793054663008979 0.010359418086011285 0.020408585885988373
