4 0.6125738188976377 0.8005843996062992 0.6754429133858267 0.39570620078740165
0 0.3854739633778609 0.7133965535783762 0.06485042390401526 0.0642854745447952
0 0.5338239423223715 0.9198535413168903 0.0645476162386224 0.07345948065011357
1 0.490712537226602 0.7763884846537064 0.08138716351766107 0.07325280099660328
1 0.7514282655919265 0.9765734475686229 0.07878395683305409 0.04685310486275433
1 0.5243097687318017 0.9137500617942791 0.05637288678249268 0.07067073952657132
1 0.8933980560446699 0.9722249531873185 0.08286444987598465 0.055550093625362965
2 0.2607189094652543 0.8536048254239008 0.03883307623702344 0.04116286269554834
2 0.5608348820032834 0.30138866180494045 0.06283227133309648 0.060822659921704415
2 0.14755278290246848 0.8038807078837287 0.050538358168090894 0.050087860775716385
3 0.7879779100784512 0.8620963968390687 0.008297940503411816 0.005528574270772246
3 0.6499438679793146 0.8169906067902796 0.03835496519274093 0.03251181845207789
3 0.8793963958824251 0.3446371998728312 0.017386159916022593 0.018610604952159982
