4 0.4293573943661972 0.6061839788732395 0.8587147887323944 0.642605633802817
0 0.3581959978110687 0.6990311148888707 0.053483279886381394 0.043878375710745134
1 0.25289028028987304 0.5451419969680723 0.07244353581692833 0.05767850543325563
1 0.19543577754978778 0.6864637001252676 0.0739337369967173 0.07970509294739117
1 0.542085343196447 0.4064344928165404 0.07368275369723634 0.05401698400350759
1 0.23366139348812642 0.5506441219387295 0.07324353343411323 0.07700385613963405
2 0.3470494084980858 0.8606079100874844 0.01472127828812031 0.014590864762411292
2 0.445885591413172 0.4159460562348354 0.05146555577833691 0.05145193298796902
2 0.5852793517115104 0.7567433088996589 0.04627484633516001 0.04627484633516001
3 0.2893481843461726 0.823530530387045 0.012759665439388002 0.0117010960977753
