4 0.5170313390834707 0.694777312992126 0.7771729143874139 0.607320374015748
0 0.5380380969946489 0.611090306347246 0.07522462182925035 0.0716910119240886
1 0.5813756508048104 0.8035205763191648 0.06236359681329677 0.04481723807984874
1 0.5584470075824479 0.8819493230847772 0.08088394562149119 0.06617756991297448
1 0.592658313734969 0.8246717927478466 0.07714378301829025 0.07617861135630725
2 0.9455019422437754 0.5450296307375334 0.051227978695602874 0.0566091222753121
2 0.9810176238025848 0.3422927306027501 0.03796475239483037 0.03878547362782436
2 0.3052260118411877 0.43787527382490143 0.013969362100903382 0.014301803996874796
3 0.4728560827511733 0.5765730308719964 0.022937947427698724 0.017535430881581427
3 0.3927463474573732 0.6935564398879647 0.017521599457363025 0.019768363279974464
3 0.6592822515694006 0.17398653091617317 0.023422392456708786 0.02590937822254511
