4 0.5638261748199028 0.7612143208661417 0.8692226503601944 0.4744463582677166
0 0.3804676571101721 0.6485857937499407 0.07845355656049917 0.04412173574145548
0 0.9880228064650467 0.8535343730471604 0.023954387069906425 0.05285761795980513
0 0.5917968152757572 0.9757395462856753 0.07353897002459302 0.04852090742864927
0 0.4919294896000812 0.9236253796527176 0.06607216270445626 0.020776389320393208
1 0.400060180165419 0.839974917799313 0.05930773844938342 0.054271865960007305
1 0.32285172094656034 0.9932287937434324 0.06383208131449739 0.013542412513135283
1 0.5483793754203818 0.9155463542220247 0.056316483008823234 0.07068460130644905
2 0.7783420968432727 0.9641913567650484 0.07085343430548337 0.07161728646990344
3 0.7143241150723685 0.66752322668956 0.04063569750399019 0.041034184364143564
