4 0.5170313390834707 0.694777312992126 0.7771729143874139 0.607320374015748
0 0.7328449263347457 0.8184497978535246 0.060688708054151164 0.06381763832772869
0 0.513128829000655 0.739520310071294 0.04003759741929329 0.05291764372818797
0 0.5255937845710955 0.6633455941647252 0.06513486122876166 0.07897446537679471
0 0.23569013484135254 0.9889488601323853 0.06928223317515214 0.0221022797352294
1 0.8541132003140823 0.9903250928408538 0.04866796744709365 0.019349814318292503
1 0.3871953283939345 0.979099864395252 0.08275978553091798 0.04180027120949621
1 0.3500001679850439 0.9988520172290389 0.02462975809195611 0.002295965541922307
1 0.5331807825356794 0.4301878164682682 0.07026629785212339 0.069275880100483
2 0.88007853370163 0.7264197637879543 0.04569498823450768 0.0406984952512218
2 0.7695232790978996 0.5307290888730819 0.08410926761445037 0.08401575377472259
2 0.8256467371449574 0.6487191411008665 0.03255501143174015 0.030575359238659238
3 0.614550381152776 0.3736613306289817 0.024653523187522543 0.015585103590280447
3 0.5708710140493081 0.2669602370990237 0.030763497087838054 0.026524249283125377
3 0.6567790341123091 0.7313662816312777 0.01086661493200305 0.01007096229920581
