4 0.4001116071428571 0.7868861607142857 0.8002232142857142 0.4231026785714286
0 0.3227868533496158 0.9828147497301813 0.06142996923742947 0.034370500539637125
0 0.3385773370422635 0.8294442927750184 0.05209154755883141 0.04770374288594752
0 0.31210255202650666 0.9835075774929212 0.06198888876139223 0.03298484501415757
0 0.26854147463052036 0.8928766304077147 0.06734176311632148 0.07460848579314146
1 0.6026702964022548 0.7525383292410044 0.0708561115338874 0.06745575220021642
2 0.8558166202889957 0.8581482450544848 0.08298168779285522 0.08092491492231595
3 0.38721670014129306 0.19534231855030854 0.035478913120557065 0.026462510098743453
3 0.31883023317675957 0.5954480885372739 0.02113066677811437 0.019916057573301327
3 0.9910577966166908 0.654673069569865 0.01788440676661853 0.02112010163929314
