4 0.6125738188976377 0.8005843996062992 0.6754429133858267 0.39570620078740165
0 0.6260461866688531 0.7635159182749242 0.07942737262385968 0.07556510642003067
0 0.603515239934624 0.9946286233462679 0.011124305907381426 0.010742753307464348
0 0.6003260429589069 0.9447225382691947 0.057946969021446026 0.05718981795066025
0 0.7603205420644651 0.9293917976114106 0.08071353657833705 0.05953574307995453
1 0.6377188019592739 0.8161117640907818 0.05802273988435118 0.06050943593207814
1 0.7000618097239715 0.93450474837544 0.05948388018684838 0.06552216064446288
1 0.4373121235655212 0.7324962625882963 0.05930039579070438 0.06637657433157891
1 0.7787198094465475 0.9347853721059124 0.06441227170949979 0.06861082500101716
1 0.5867596228832166 0.8872212776621993 0.047406275751982106 0.07750408091130882
2 0.9632351307189149 0.40858264407429845 0.024288646699105954 0.024165392437831335
3 0.6013095782733872 0.6776048939906325 0.018336701705379176 0.024962803380768152
3 0.2569417335505805 0.2755093521530763 0.01160660165815779 0.01313818574771588
3 0.2589017740818078 0.9874576963943221 0.011456688378995317 0.012298188413553745
