4 0.7217099471830986 0.774132627952756 0.5534551056338028 0.4486097440944882
0 0.7500325956694442 0.6870489210157096 0.05187999477589269 0.05486950416115999
0 0.736615261256204 0.7698983120896499 0.06328556141974442 0.06544563987806429
1 0.766176907736385 0.6946215658425359 0.0723469336108952 0.06658154144580167
1 0.639953439671137 0.7018427280058619 0.06367163289652149 0.07059375139580251
1 0.6718549344137351 0.6669473787403305 0.09003421491705002 0.06708479436168338
1 0.5857681561118184 0.892944906289712 0.06401510513345858 0.07896349086271481
2 0.5382685552566386 0.9318947543445809 0.08693350844029499 0.08454900055647378
2 0.651302587690019 0.46568266581000195 0.08720163930529416 0.09211089879488946
2 0.44060901833468974 0.8179175777954718 0.08992343149003235 0.09060941861752365
