4 0.5638261748199028 0.7612143208661417 0.8692226503601944 0.4744463582677166
0 0.2474895282726645 0.8972664115101017 0.05689240745821804 0.046807103902676415
0 0.8595168763148873 0.9956953699679755 0.01928638527500528 0.008609260064049096
0 0.6162994486072061 0.7387899178896482 0.05025206333503061 0.05432466628049308
0 0.5454070673705285 0.7967143469362336 0.04847416545658234 0.07711805036906547
0 0.7514357542051082 0.7644085831689816 0.06662082479292035 0.04869548576899838
1 0.48475246179893416 0.9731819334235358 0.06667411570825461 0.05363613315292852
1 0.46883943744526047 0.8888465879492804 0.06262742045747638 0.058615530794110526
1 0.36848138771486166 0.705205517198964 0.07616770502637751 0.05820695254426909
1 0.7938604097831605 0.7949594229883585 0.07613168465637984 0.061283120118549306
1 0.34804691511369273 0.8855176163126547 0.05529477228946087 0.07681905535577851
3 0.2609441637335085 0.25888759740525036 0.017754973599944445 0.01792369691245286
3 0.475758132655457 0.27768604577103473 0.02104609186508961 0.02092501386589145
3 0.7572699566657042 0.8878203994793872 0.018550089152273054 0.030235279472161557
