4 0.43270177165354334 0.7624446358267717 0.8654035433070867 0.47198572834645675
0 0.17066530908846125 0.9056184169366037 0.06415591411962343 0.06388936246435221
0 0.28432982687451663 0.7822917669014888 0.05299836503313369 0.05047429772312304
0 0.4914114004083145 0.8015916195825309 0.056065683800049546 0.06616100748231997
2 0.9399719389995201 0.8148582913208513 0.07037047900513897 0.0703832894969267
2 0.9187127051415274 0.2041021189363351 0.06180190790018596 0.06634741715994955
2 0.2161850122374432 0.21734732967318351 0.045569520650169906 0.04424328896760654
3 0.8637425847613216 0.7662764842028813 0.0209982614821854 0.0194997485001414
3 0.4145265491092939 0.8536904392756519 0.016594492509949266 0.01865351463340481
3 0.43976644245050256 0.20208557379949452 0.0168269556927239 0.015153552668468784
