4 0.4293573943661972 0.6061839788732395 0.8587147887323944 0.642605633802817
0 0.19942821278391057 0.7596179417700971 0.07438133956127005 0.06837566350318162
1 0.582683780152474 0.4233866737509377 0.07456541839997363 0.07908266093466416
1 0.32274515612612603 0.7156471124052592 0.057143622631851 0.0632701127294883
1 0.47824346450982824 0.6644477151034178 0.06343053831339676 0.08117001534449333
1 0.7349901438847372 0.39843005378327456 0.07984694171869453 0.0416549593799147
2 0.5796293955940564 0.20681070225738857 0.09877622642487704 0.09877622642487696
2 0.2988458451402215 0.3230120823082867 0.0931859830679203 0.0931859830679203
3 0.11221715369870262 0.08800592792175153 0.023017615341193308 0.024054196844523434
3 0.7781839745040238 0.6515950286248071 0.010023175561022946 0.011614542800067707
3 0.9266016229256449 0.6988704409294989 0.02234030954989379 0.020953721154075566
