4 0.5716605664966425 0.7636749507874014 0.8261670559830927 0.46952509842519696
0 0.4936233829640086 0.846952864115884 0.06626314181517427 0.05839213762340556
0 0.542558246471817 0.967557344538462 0.07113346852208072 0.06488531092307603
0 0.6634745390103015 0.981859606724718 0.045422349039139574 0.03628078655056406
0 0.4788895656706028 0.6019690679295061 0.05721226090251852 0.0723993437229371
0 0.5836009722550937 0.8123507910149966 0.07571936727784916 0.0729409039550192
1 0.6121448029962 0.7973081637229481 0.06667454256534011 0.05503682554475642
1 0.8369717211870524 0.9178970249051115 0.04709193174579731 0.06948502524416948
1 0.6126104667065676 0.9141475494189436 0.07697655263686531 0.0734610544257837
2 0.9059027940734851 0.9588243654824465 0.08705675855543298 0.08235126903510696
2 0.2223485220935018 0.9037904578612379 0.06922365848288267 0.07509395186885896
3 0.510043471592934 0.7785801695059018 0.01853243507138789 0.01780762398627278
3 0.18459758653728747 0.9128270858091032 0.02528307071460305 0.02360372774926134
