4 0.5638261748199028 0.7612143208661417 0.8692226503601944 0.4744463582677166
0 0.620193254176189 0.7296032295079982 0.07087461322389013 0.06896029445547498
0 0.21203687010580552 0.9947552886883422 0.03536838883054583 0.010489422623315824
0 0.3008147722939106 0.7194819718082914 0.06328919136269881 0.07306331694488435
1 0.6024942506804101 0.9861112284791794 0.05356194924648729 0.027777543041641196
2 0.33027367539601 0.1522416913397638 0.058171547545024 0.0581847009464278
2 0.3260470439161927 0.14305346752234183 0.0690864708582474 0.06906180137650982
3 0.7929802254059111 0.6983225179834577 0.017627842064779742 0.026049275708423015
3 0.9681945459507144 0.6934485058047718 0.021799743995803488 0.021293649050478435
3 0.8171046463000462 0.16409700735745172 0.014192350181987301 0.022392109463520837
