4 0.5638261748199028 0.7612143208661417 0.8692226503601944 0.4744463582677166
0 0.7026009925535976 0.8881319896799795 0.06310024388321392 0.06075658250205009
0 0.9771291475292729 0.9647425363494257 0.04369886822377254 0.06132961758556199
1 0.36734115743916207 0.7989050543612342 0.060659663275673556 0.04982774137868011
1 0.6053918698583763 0.7848505049220109 0.06285032631415302 0.06592100677952235
1 0.35576443066927277 0.6125996106155159 0.033079666852745146 0.06597598651289349
1 0.4513286979224498 0.6034701279635308 0.08420689056082917 0.08272226149886527
2 0.901644302584937 0.6087893958726462 0.04412285918620551 0.04522295345425196
2 0.5200666993984959 0.9705814591095487 0.06726104126927605 0.05883708178090252
2 0.9827044724944922 0.1837900210202324 0.02203290008605894 0.02203290008605885
3 0.11060155807891806 0.4510157431708225 0.016890394490626282 0.019849017706393645
