4 0.5638261748199028 0.7612143208661417 0.8692226503601944 0.4744463582677166
0 0.9736154528135608 0.9801230899785484 0.05276909437287873 0.03975382004290342
0 0.34681809781125694 0.7366165337876259 0.05912801304161217 0.06527659293693251
0 0.9679785009869984 0.8557711626101863 0.0431834772038572 0.06833547705508103
0 0.47760331618243634 0.6031675896255291 0.04683081696574334 0.06589187525692566
0 0.7057634950137178 0.7672302237505053 0.05044424021373484 0.05494778714685822
1 0.4419765874294064 0.6838122643116022 0.05720787896236459 0.07145025551460407
1 0.24399395279738698 0.9156465065190591 0.06883206153384558 0.08225818049115255
1 0.8026773758621075 0.8814150260156721 0.07626399576583705 0.07974752730484909
3 0.958937036755087 0.9364044795947672 0.044944546503945304 0.04180769993890543
3 0.6308876529975023 0.36721149015413235 0.015156875643530831 0.016917094034225234
