4 0.6125738188976377 0.8005843996062992 0.6754429133858267 0.39570620078740165
1 0.4917906605424697 0.8752933487331841 0.04856371838413587 0.061634132294342336
1 0.8655754281495927 0.9710144180186948 0.06376342972109868 0.057971163962610636
1 0.6744675852565623 0.8597034795374823 0.06692482999103824 0.050744629696447066
1 0.7889661737761129 0.9100743944601677 0.06628288404140195 0.057972120626419966
1 0.5142898820119421 0.8980723113857249 0.06531894192710527 0.0788546517113586
2 0.5779134842054023 0.25552649972679126 0.0249912580232202 0.02499125802322011
2 0.21058289303638428 0.48058598211811165 0.07375392455768323 0.07375392455768318
2 0.6741299509173837 0.8316613298250266 0.07221469695409795 0.062343629298758786
3 0.42156152740734465 0.8261468771431852 0.014764582963486284 0.014742958539805428
3 0.5085575468939711 0.6107657034642159 0.021417046472791766 0.016453803329120296
3 0.8063360177316486 0.9753742443953701 0.0276524053979057 0.027906783295991035
