4 0.7217099471830986 0.774132627952756 0.5534551056338028 0.4486097440944882
0 0.5777834061836794 0.9023301787319514 0.053494806124580664 0.05414925066752545
0 0.733321282459543 0.9991933483001301 0.011438416428661924 0.0016133033997398627
0 0.7869134301952883 0.7557429995255016 0.06593407068037722 0.056142505904477426
0 0.842692174596802 0.8102550472716231 0.04198260181481768 0.0725967132270883
0 0.9517566542220927 0.9786848108540488 0.029530090489592275 0.04263037829190246
1 0.7765147924777667 0.7251007985608443 0.06201400579976664 0.08019034975763972
1 0.5317174094041089 0.6318997833742461 0.06897910793135757 0.057154245249593935
1 0.7911276312280353 0.8134467819596214 0.07016127024280391 0.06870021721643323
2 0.5015464163340735 0.6528005189382395 0.057570927581807575 0.06256025669055401
2 0.8122352848703361 0.9124299848336914 0.012853420385064141 0.013223021490813202
3 0.7770358302404264 0.9176162062421703 0.029564188230645706 0.025888005522230983
3 0.5797262853351982 0.5916578689049874 0.02606188510325822 0.01986300580629239
3 0.44446631680158566 0.3486786739525499 0.035759422608983196 0.03764753346252059
