4 0.4293573943661972 0.6061839788732395 0.8587147887323944 0.642605633802817
0 0.2362939552018032 0.6476216919857054 0.046885885258657466 0.0671105536131165
0 0.04497864203437048 0.9029226162513082 0.039352349042285975 0.06085810650547892
0 0.37975287421143544 0.4767111883774338 0.08095342917537782 0.03137108172612972
0 0.37325190768663824 0.5123930285087832 0.06365452178188682 0.06199979790572918
1 0.5600933330861831 0.5723227791468943 0.059066357976870966 0.08156468629502375
1 0.44510689486947774 0.528079133522845 0.06843763812243617 0.036319366985336644
1 0.21249522144233052 0.7534581181636729 0.07181966338480236 0.07494547643385516
1 0.4120634781841998 0.555624486849444 0.06418749243382149 0.0646331253582133
3 0.08622497390444307 0.23700147672385938 0.011120292278979038 0.014730851048271187
