4 0.5170313390834707 0.694777312992126 0.7771729143874139 0.607320374015748
0 0.539389846194474 0.5503683311867309 0.05953676948858568 0.04183709614402957
0 0.7530100523705445 0.9332386146978852 0.06070127672064842 0.053012581663721824
0 0.7326158008821545 0.7344983268213422 0.06410215129239241 0.061713962232076015
0 0.557268317800415 0.5729532411478963 0.07984800964217201 0.06968298300722928
0 0.8023023707755581 0.8367244279215885 0.07655142488137603 0.0515852004647245
1 0.7182878409583638 0.7730913080278963 0.06614866315217807 0.058804610894759614
1 0.7343804580382564 0.7422526054595546 0.07014526016983194 0.050997410956732915
1 0.48078776595722816 0.99482441492345 0.05313028205083352 0.010351170153100142
1 0.8312114288168132 0.8820038224484534 0.08038441518410196 0.059751070532636244
2 0.794385058103377 0.19815511169668615 0.012722260727754264 0.012249054182921503
2 0.9531561507649531 0.33355967538786946 0.029961335899854724 0.026902147733269467
2 0.5178104883184383 0.9597709409687815 0.08165584625002005 0.08045811806243712
3 0.7469077900977272 0.20298228526828616 0.01659526776140634 0.017660978110313662
3 0.06452409221343162 0.5107269684352481 0.01769948572812776 0.01611006955308385
3 0.4883190164709412 0.19078418931282445 0.0158643523807779 0.022948205493040153
