4 0.6125738188976377 0.8005843996062992 0.6754429133858267 0.39570620078740165
0 0.5690866116333437 0.9462432972848116 0.060575827810290764 0.07168431898465233
0 0.565944450101501 0.9536062958308567 0.0652020269927374 0.05634410569957264
0 0.6121034077748533 0.9947895284888691 0.014844885846544465 0.010420943022261575
1 0.4816803109970456 0.9880451348302849 0.06777716635282402 0.02390973033943027
1 0.9321760942189329 0.988665476003718 0.06894098888691005 0.02266904799256402
2 0.25150337927108324 0.7051489386912667 0.07362658184287393 0.07362658184287377
2 0.7498575503385931 0.236392799234874 0.08427868921781059 0.077439788944858
3 0.46215916097278936 0.6543774594284036 0.026638966136173003 0.035585910270377316
3 0.1883315246496267 0.9778438827048378 0.008253909533904969 0.013791688806795576
3 0.6724827824131161 0.5732927596154322 0.025768370351864522 0.02473826943995716
